0000 01000140000000
0001 01000200000000
0002 01000360000000
0003 01000530000000
0004 01000700000000
0005 01001200000000
0006 01001470000000
0007 01002520000000
0010 01002700000000
0011 00000000000000
0012 00000000000000
0013 00000000000000
0014 02000140110001
0015 02000150120002
0016 02000160130003
0017 12000001300014
0020 02400340520032
0021 07000000200033
0022 13000230000000
0023 01100240100032
0024 05000271200000
0025 13000260000000
0026 01100270100032
0027 00000000000000
0030 02000270240035
0031 01100220000000
0032 01000000000000
0033 00000000501000
0034 00000010000000
0035 00000000000001
0036 02400520520050
0037 07000000200051
0040 10000020000000
0041 13000420000000
0042 01200430100047
0043 05000450000000
0044 02000440100004
0045 00000000000000
0046 02000450120041
0047 10000021000002
0050 01000000000000
0051 00010000001777
0052 00000010000000
0053 02400670520065
0054 07000000200066
0055 10600000000000
0056 13000570000000
0057 01300600100064
0060 05000620000000
0061 02000610100005
0062 00010000001777
0063 02000620130056
0064 10600001060000
0065 01000170000000
0066 00010000001777
0067 00000010000000
0070 02401140520072
0071 02401140520103
0072 02024020560116
0073 07000250560115
0074 02001150560075
0075 05601000207775
0076 00500770250443
0077 00101071000002
0100 00401170207777
0101 10101150200115
0102 02501160050103
0103 01024030200115
0104 02401130560115
0105 05601000750117
0106 00601000100074
0107 02001150250116
0110 00201030200115
0111 02401130560115
0112 01400740000000
0113 00000000000001
0114 00000010000000
0115 00000000507777
0116 00000000507777
0117 00000000004000
0120 02401420520123
0121 02401420520136
0122 02001410500145
0123 02000620560144
0124 07000250140137
0125 00000000231777
0126 00701260010132
0127 02101450020135
0130 05001450100131
0131 10600010100135
0132 00401430100133
0133 02001330100006
0134 02001410500145
0135 02001430250144
0136 00200000200143
0137 02401410560143
0140 05601250140125
0141 00000000000001
0142 00000010000000
0143 00000000001777
0144 00000000001777
0145 17777777777777
0146 00000000000000
0147 02402420520220
0150 06002500560154
0151 02002430500250
0152 07500340100153
0153 02001530100221
0154 00000000040000
0155 06002510060157
0156 02002410240245
0157 05002450750001
0160 02001600100221
0161 00402510750007
0162 02001620100221
0163 10600011000004
0164 00402510750023
0165 02001650100221
0166 00402510750034
0167 02001670100221
0170 02002441250247
0171 12502461250245
0172 05002501010250
0173 02002441240245
0174 12502461240245
0175 05002501010250
0176 02002441250247
0177 12402461250245
0200 00500251010250
0201 02002441250247
0202 12402461240245
0203 05002501010250
0204 02002441240247
0205 12502461250245
0206 05002501010250
0207 02002441240247
0210 12502461240245
0211 05002401010250
0212 02002441240247
0213 12402461250245
0214 05002501010250
0215 02002441240247
0216 12402461240245
0217 05002501010250
0220 01000000000000
0221 02402420520250
0222 02002500140231
0223 02002470750001
0224 05002470200246
0225 07500010500246
0226 02002450750001
0227 05002450200250
0230 02402500030231
0231 05002500010223
0232 02002470710001
0233 05002470200246
0234 07100010500246
0235 02002450710001
0236 05002450200250
0237 07100010500250
0240 00100000100232
0241 00000000000001
0242 00000010000000
0243 17033673600400
0244 00017073673600
0245 00000000000000
0246 00000000000000
0247 00000000000000
0250 05602510140251
0251 13002510200625
0252 02402670520256
0253 02402670520261
0254 02402670520257
0255 02402670520264
0256 02071130500260
0257 02171150500265
0260 02071710500521
0261 02071140240260
0262 05402600200266
0263 02402650050257
0264 01071160000000
0265 11777777777777
0266 00000000000001
0267 00000010000000
0270 10000000040274
0271 10102720140272
0272 00000000101001
0273 07501170020271
0274 01002700004000
0275 00000000000000
0276 00000000000000
0277 00000000000000
0300 00000000000000
0301 00000000000000
0302 00000000000000
0303 00000000000000
0304 00000000000000
0305 00000000000000
0306 00000000000000
0307 00000000000000
0310 00000000000000
0311 00000000000000
0312 00000000000000
0313 00000000000000
0314 00000000000000
0315 00000000000000
0316 00000000000000
0317 00000000000000
0320 00000000000000
0321 00000000000000
0322 00000000000000
0323 00000000000000
0324 00000000000000
0325 00000000000000
0326 00000000000000
0327 00000000000000
0330 00000000000000
0331 00000000000000
0332 00000000000000
0333 00000000000000
0334 00000000000000
0335 00000000000000
0336 00000000000000
0337 00000000000000
0340 00000000000000
0341 00000000000000
0342 00000000000000
0343 00000000000000
0344 00000000000000
0345 00000000000000
0346 00000000000000
0347 00000000000000
0350 00000000000000
0351 00000000000000
0352 00000000000000
0353 00000000000000
0354 00000000000000
0355 00000000000000
0356 00000000000000
0357 00000000000000
0360 00000000000000
0361 00000000000000
0362 00000000000000
0363 00000000000000
0364 00000000000000
0365 00000000000000
0366 00000000000000
0367 00000000000000
0370 00000000000000
0371 00000000000000
0372 00000000000000
0373 00000000000000
0374 00000000000000
0375 00000000000000
0376 00000000000000
0377 00000000000000
0400 00000000000000
0401 00000000000000
0402 00000000000000
0403 00000000000000
0404 00000000000000
0405 00000000000000
0406 00000000000000
0407 00000000000000
0410 00000000000000
0411 00000000000000
0412 00000000000000
0413 00000000000000
0414 00000000000000
0415 00000000000000
0416 00000000000000
0417 00000000000000
0420 00000000000000
0421 00000000000000
0422 00000000000000
0423 00000000000000
0424 00000000000000
0425 00000000000000
0426 00000000000000
0427 00000000000000
0430 00000000000000
0431 00000000000000
0432 00000000000000
0433 00000000000000
0434 00000000000000
0435 00000000000000
0436 00000000000000
0437 00000000000000
0440 00000000000000
0441 00000000000000
0442 00000000000000
0443 00000000000000
0444 00000000000000
0445 00000000000000
0446 00000000000000
0447 00000000000000
0450 00000000000000
0451 00000000000000
0452 00000000000000
0453 00000000000000
0454 00000000000000
0455 00000000000000
0456 00000000000000
0457 00000000000000
0460 00000000000000
0461 00000000000000
0462 00000000000000
0463 00000000000000
0464 00000000000000
0465 00000000000000
0466 00000000000000
0467 00000000000000
0470 00000000000000
0471 00000000000000
0472 00000000000000
0473 00000000000000
0474 00000000000000
0475 00000000000000
0476 00000000000000
0477 00000000000000
0500 00000000000000
0501 00000000000000
0502 00000000000000
0503 00000000000000
0504 00000000000000
0505 00000000000000
0506 00000000000000
0507 00000000000000
0510 00000000000000
0511 00000000000000
0512 00000000000000
0513 00000000000000
0514 00000000000000
0515 00000000000000
0516 00000000000000
0517 00000000000000
0520 00000000000000
0521 00000000000000
0522 00000000000000
0523 00000000000000
0524 00000000000000
0525 00000000000000
0526 00000000000000
0527 00000000000000
0530 00000000000000
0531 00000000000000
0532 00000000000000
0533 00000000000000
0534 00000000000000
0535 00000000000000
0536 00000000000000
0537 00000000000000
0540 00000000000000
0541 00000000000000
0542 00000000000000
0543 00000000000000
0544 00000000000000
0545 00000000000000
0546 00000000000000
0547 00000000000000
0550 00000000000000
0551 00000000000000
0552 00000000000000
0553 00000000000000
0554 00000000000000
0555 00000000000000
0556 00000000000000
0557 00000000000000
0560 00000000000000
0561 00000000000000
0562 00000000000000
0563 00000000000000
0564 00000000000000
0565 00000000000000
0566 00000000000000
0567 00000000000000
0570 00000000000000
0571 00000000000000
0572 00000000000000
0573 00000000000000
0574 00000000000000
0575 00000000000000
0576 00000000000000
0577 00000000000000
0600 00000000000000
0601 00000000000000
0602 00000000000000
0603 00000000000000
0604 00000000000000
0605 00000000000000
0606 00000000000000
0607 00000000000000
0610 00000000000000
0611 00000000000000
0612 00000000000000
0613 00000000000000
0614 00000000000000
0615 00000000000000
0616 00000000000000
0617 00000000000000
0620 00000000000000
0621 00000000000000
0622 00000000000000
0623 00000000000000
0624 00000000000000
0625 00000000000000
0626 00000000000000
0627 00000000000000
0630 00000000000000
0631 00000000000000
0632 00000000000000
0633 00000000000000
0634 00000000000000
0635 00000000000000
0636 00000000000000
0637 00000000000000
0640 00000000000000
0641 00000000000000
0642 00000000000000
0643 00000000000000
0644 00000000000000
0645 00000000000000
0646 00000000000000
0647 00000000000000
0650 00000000000000
0651 00000000000000
0652 00000000000000
0653 00000000000000
0654 00000000000000
0655 00000000000000
0656 00000000000000
0657 00000000000000
0660 00000000000000
0661 00000000000000
0662 00000000000000
0663 00000000000000
0664 00000000000000
0665 00000000000000
0666 00000000000000
0667 00000000000000
0670 00000000000000
0671 00000000000000
0672 00000000000000
0673 00000000000000
0674 00000000000000
0675 00000000000000
0676 00000000000000
0677 00000000000000
0700 00000000000000
0701 00000000000000
0702 00000000000000
0703 00000000000000
0704 00000000000000
0705 00000000000000
0706 00000000000000
0707 00000000000000
0710 00000000000000
0711 00000000000000
0712 00000000000000
0713 00000000000000
0714 00000000000000
0715 00000000000000
0716 00000000000000
0717 00000000000000
0720 00000000000000
0721 00000000000000
0722 00000000000000
0723 00000000000000
0724 00000000000000
0725 00000000000000
0726 00000000000000
0727 00000000000000
0730 00000000000000
0731 00000000000000
0732 00000000000000
0733 00000000000000
0734 00000000000000
0735 00000000000000
0736 00000000000000
0737 00000000000000
0740 00000000000000
0741 00000000000000
0742 00000000000000
0743 00000000000000
0744 00000000000000
0745 00000000000000
0746 00000000000000
0747 00000000000000
0750 00000000000000
0751 00000000000000
0752 00000000000000
0753 00000000000000
0754 00000000000000
0755 00000000000000
0756 00000000000000
0757 00000000000000
0760 00000000000000
0761 00000000000000
0762 00000000000000
0763 00000000000000
0764 00000000000000
0765 00000000000000
0766 00000000000000
0767 00000000000000
0770 00000000000000
0771 00000000000000
0772 00000000000000
0773 00000000000000
0774 00000000000000
0775 00000000000000
0776 00000000000000
0777 00000000000000
1000 00000000000000
1001 00000000000000
1002 00000000000000
1003 00000000000000
1004 00000000000000
1005 00000000000000
1006 00000000000000
1007 00000000000000
1010 00000000000000
1011 00000000000000
1012 00000000000000
1013 00000000000000
1014 00000000000000
1015 00000000000000
1016 00000000000000
1017 00000000000000
1020 00000000000000
1021 00000000000000
1022 00000000000000
1023 00000000000000
1024 00000000000000
1025 00000000000000
1026 00000000000000
1027 00000000000000
1030 00000000000000
1031 00000000000000
1032 00000000000000
1033 00000000000000
1034 00000000000000
1035 00000000000000
1036 00000000000000
1037 00000000000000
1040 00000000000000
1041 00000000000000
1042 00000000000000
1043 00000000000000
1044 00000000000000
1045 00000000000000
1046 00000000000000
1047 00000000000000
1050 00000000000000
1051 00000000000000
1052 00000000000000
1053 00000000000000
1054 00000000000000
1055 00000000000000
1056 00000000000000
1057 00000000000000
1060 00000000000000
1061 00000000000000
1062 00000000000000
1063 00000000000000
1064 00000000000000
1065 00000000000000
1066 00000000000000
1067 00000000000000
1070 00000000000000
1071 00000000000000
1072 00000000000000
1073 00000000000000
1074 00000000000000
1075 00000000000000
1076 00000000000000
1077 00000000000000
1100 00000000000000
1101 00000000000000
1102 00000000000000
1103 00000000000000
1104 00000000000000
1105 00000000000000
1106 00000000000000
1107 00000000000000
1110 00000000000000
1111 00000000000000
1112 00000000000000
1113 00000000000000
1114 00000000000000
1115 00000000000000
1116 00000000000000
1117 00000000000000
1120 00000000000000
1121 00000000000000
1122 00000000000000
1123 00000000000000
1124 00000000000000
1125 00000000000000
1126 00000000000000
1127 00000000000000
1130 00000000000000
1131 00000000000000
1132 00000000000000
1133 00000000000000
1134 00000000000000
1135 00000000000000
1136 00000000000000
1137 00000000000000
1140 00000000000000
1141 00000000000000
1142 00000000000000
1143 00000000000000
1144 00000000000000
1145 00000000000000
1146 00000000000000
1147 00000000000000
1150 00000000000000
1151 00000000000000
1152 00000000000000
1153 00000000000000
1154 00000000000000
1155 00000000000000
1156 00000000000000
1157 00000000000000
1160 00000000000000
1161 00000000000000
1162 00000000000000
1163 00000000000000
1164 00000000000000
1165 00000000000000
1166 00000000000000
1167 00000000000000
1170 00000000000000
1171 00000000000000
1172 00000000000000
1173 00000000000000
1174 00000000000000
1175 00000000000000
1176 00000000000000
1177 00000000000000
1200 00000000000000
1201 00000000000000
1202 00000000000000
1203 00000000000000
1204 00000000000000
1205 00000000000000
1206 00000000000000
1207 00000000000000
1210 00000000000000
1211 00000000000000
1212 00000000000000
1213 00000000000000
1214 00000000000000
1215 00000000000000
1216 00000000000000
1217 00000000000000
1220 00000000000000
1221 00000000000000
1222 00000000000000
1223 00000000000000
1224 00000000000000
1225 00000000000000
1226 00000000000000
1227 00000000000000
1230 00000000000000
1231 00000000000000
1232 00000000000000
1233 00000000000000
1234 00000000000000
1235 00000000000000
1236 00000000000000
1237 00000000000000
1240 00000000000000
1241 00000000000000
1242 00000000000000
1243 00000000000000
1244 00000000000000
1245 00000000000000
1246 00000000000000
1247 00000000000000
1250 00000000000000
1251 00000000000000
1252 00000000000000
1253 00000000000000
1254 00000000000000
1255 00000000000000
1256 00000000000000
1257 00000000000000
1260 00000000000000
1261 00000000000000
1262 00000000000000
1263 00000000000000
1264 00000000000000
1265 00000000000000
1266 00000000000000
1267 00000000000000
1270 00000000000000
1271 00000000000000
1272 00000000000000
1273 00000000000000
1274 00000000000000
1275 00000000000000
1276 00000000000000
1277 00000000000000
1300 00000000000000
1301 00000000000000
1302 00000000000000
1303 00000000000000
1304 00000000000000
1305 00000000000000
1306 00000000000000
1307 00000000000000
1310 00000000000000
1311 00000000000000
1312 00000000000000
1313 00000000000000
1314 00000000000000
1315 00000000000000
1316 00000000000000
1317 00000000000000
1320 00000000000000
1321 00000000000000
1322 00000000000000
1323 00000000000000
1324 00000000000000
1325 00000000000000
1326 00000000000000
1327 00000000000000
1330 00000000000000
1331 00000000000000
1332 00000000000000
1333 00000000000000
1334 00000000000000
1335 00000000000000
1336 00000000000000
1337 00000000000000
1340 00000000000000
1341 00000000000000
1342 00000000000000
1343 00000000000000
1344 00000000000000
1345 00000000000000
1346 00000000000000
1347 00000000000000
1350 00000000000000
1351 00000000000000
1352 00000000000000
1353 00000000000000
1354 00000000000000
1355 00000000000000
1356 00000000000000
1357 00000000000000
1360 00000000000000
1361 00000000000000
1362 00000000000000
1363 00000000000000
1364 00000000000000
1365 00000000000000
1366 00000000000000
1367 00000000000000
1370 00000000000000
1371 00000000000000
1372 00000000000000
1373 00000000000000
1374 00000000000000
1375 00000000000000
1376 00000000000000
1377 00000000000000
1400 00000000000000
1401 00000000000000
1402 00000000000000
1403 00000000000000
1404 00000000000000
1405 00000000000000
1406 00000000000000
1407 00000000000000
1410 00000000000000
1411 00000000000000
1412 00000000000000
1413 00000000000000
1414 00000000000000
1415 00000000000000
1416 00000000000000
1417 00000000000000
1420 00000000000000
1421 00000000000000
1422 00000000000000
1423 00000000000000
1424 00000000000000
1425 00000000000000
1426 00000000000000
1427 00000000000000
1430 00000000000000
1431 00000000000000
1432 00000000000000
1433 00000000000000
1434 00000000000000
1435 00000000000000
1436 00000000000000
1437 00000000000000
1440 00000000000000
1441 00000000000000
1442 00000000000000
1443 00000000000000
1444 00000000000000
1445 00000000000000
1446 00000000000000
1447 00000000000000
1450 00000000000000
1451 00000000000000
1452 00000000000000
1453 00000000000000
1454 00000000000000
1455 00000000000000
1456 00000000000000
1457 00000000000000
1460 00000000000000
1461 00000000000000
1462 00000000000000
1463 00000000000000
1464 00000000000000
1465 00000000000000
1466 00000000000000
1467 00000000000000
1470 00000000000000
1471 00000000000000
1472 00000000000000
1473 00000000000000
1474 00000000000000
1475 00000000000000
1476 00000000000000
1477 00000000000000
1500 00000000000000
1501 00000000000000
1502 00000000000000
1503 00000000000000
1504 00000000000000
1505 00000000000000
1506 00000000000000
1507 00000000000000
1510 00000000000000
1511 00000000000000
1512 00000000000000
1513 00000000000000
1514 00000000000000
1515 00000000000000
1516 00000000000000
1517 00000000000000
1520 00000000000000
1521 00000000000000
1522 00000000000000
1523 00000000000000
1524 00000000000000
1525 00000000000000
1526 00000000000000
1527 00000000000000
1530 00000000000000
1531 00000000000000
1532 00000000000000
1533 00000000000000
1534 00000000000000
1535 00000000000000
1536 00000000000000
1537 00000000000000
1540 00000000000000
1541 00000000000000
1542 00000000000000
1543 00000000000000
1544 00000000000000
1545 00000000000000
1546 00000000000000
1547 00000000000000
1550 00000000000000
1551 00000000000000
1552 00000000000000
1553 00000000000000
1554 00000000000000
1555 00000000000000
1556 00000000000000
1557 00000000000000
1560 00000000000000
1561 00000000000000
1562 00000000000000
1563 00000000000000
1564 00000000000000
1565 00000000000000
1566 00000000000000
1567 00000000000000
1570 00000000000000
1571 00000000000000
1572 00000000000000
1573 00000000000000
1574 00000000000000
1575 00000000000000
1576 00000000000000
1577 00000000000000
1600 00000000000000
1601 00000000000000
1602 00000000000000
1603 00000000000000
1604 00000000000000
1605 00000000000000
1606 00000000000000
1607 00000000000000
1610 00000000000000
1611 00000000000000
1612 00000000000000
1613 00000000000000
1614 00000000000000
1615 00000000000000
1616 00000000000000
1617 00000000000000
1620 00000000000000
1621 00000000000000
1622 00000000000000
1623 00000000000000
1624 00000000000000
1625 00000000000000
1626 00000000000000
1627 00000000000000
1630 00000000000000
1631 00000000000000
1632 00000000000000
1633 00000000000000
1634 00000000000000
1635 00000000000000
1636 00000000000000
1637 00000000000000
1640 00000000000000
1641 00000000000000
1642 00000000000000
1643 00000000000000
1644 00000000000000
1645 00000000000000
1646 00000000000000
1647 00000000000000
1650 00000000000000
1651 00000000000000
1652 00000000000000
1653 00000000000000
1654 00000000000000
1655 00000000000000
1656 00000000000000
1657 00000000000000
1660 00000000000000
1661 00000000000000
1662 00000000000000
1663 00000000000000
1664 00000000000000
1665 00000000000000
1666 00000000000000
1667 00000000000000
1670 00000000000000
1671 00000000000000
1672 00000000000000
1673 00000000000000
1674 00000000000000
1675 00000000000000
1676 00000000000000
1677 00000000000000
1700 00000000000000
1701 00000000000000
1702 00000000000000
1703 00000000000000
1704 00000000000000
1705 00000000000000
1706 00000000000000
1707 00000000000000
1710 00000000000000
1711 00000000000000
1712 00000000000000
1713 00000000000000
1714 00000000000000
1715 00000000000000
1716 00000000000000
1717 00000000000000
1720 00000000000000
1721 00000000000000
1722 00000000000000
1723 00000000000000
1724 00000000000000
1725 00000000000000
1726 00000000000000
1727 00000000000000
1730 00000000000000
1731 00000000000000
1732 00000000000000
1733 00000000000000
1734 00000000000000
1735 00000000000000
1736 00000000000000
1737 00000000000000
1740 00000000000000
1741 00000000000000
1742 00000000000000
1743 00000000000000
1744 00000000000000
1745 00000000000000
1746 00000000000000
1747 00000000000000
1750 00000000000000
1751 00000000000000
1752 00000000000000
1753 00000000000000
1754 00000000000000
1755 00000000000000
1756 00000000000000
1757 00000000000000
1760 00000000000000
1761 00000000000000
1762 00000000000000
1763 00000000000000
1764 00000000000000
1765 00000000000000
1766 00000000000000
1767 00000000000000
1770 00000000000000
1771 00000000000000
1772 00000000000000
1773 00000000000000
1774 00000000000000
1775 00000000000000
1776 00000000000000
1777 00000000000000
2000 00000000000000
2001 00000000000000
2002 00000000000000
2003 00000000000000
2004 00000000000000
2005 00000000000000
2006 00000000000000
2007 00000000000000
2010 00000000000000
2011 00000000000000
2012 00000000000000
2013 00000000000000
2014 00000000000000
2015 00000000000000
2016 00000000000000
2017 00000000000000
2020 00000000000000
2021 00000000000000
2022 00000000000000
2023 00000000000000
2024 00000000000000
2025 00000000000000
2026 00000000000000
2027 00000000000000
2030 00000000000000
2031 00000000000000
2032 00000000000000
2033 00000000000000
2034 00000000000000
2035 00000000000000
2036 00000000000000
2037 00000000000000
2040 00000000000000
2041 00000000000000
2042 00000000000000
2043 00000000000000
2044 00000000000000
2045 00000000000000
2046 00000000000000
2047 00000000000000
2050 00000000000000
2051 00000000000000
2052 00000000000000
2053 00000000000000
2054 00000000000000
2055 00000000000000
2056 00000000000000
2057 00000000000000
2060 00000000000000
2061 00000000000000
2062 00000000000000
2063 00000000000000
2064 00000000000000
2065 00000000000000
2066 00000000000000
2067 00000000000000
2070 00000000000000
2071 00000000000000
2072 00000000000000
2073 00000000000000
2074 00000000000000
2075 00000000000000
2076 00000000000000
2077 00000000000000
2100 00000000000000
2101 00000000000000
2102 00000000000000
2103 00000000000000
2104 00000000000000
2105 00000000000000
2106 00000000000000
2107 00000000000000
2110 00000000000000
2111 00000000000000
2112 00000000000000
2113 00000000000000
2114 00000000000000
2115 00000000000000
2116 00000000000000
2117 00000000000000
2120 00000000000000
2121 00000000000000
2122 00000000000000
2123 00000000000000
2124 00000000000000
2125 00000000000000
2126 00000000000000
2127 00000000000000
2130 00000000000000
2131 00000000000000
2132 00000000000000
2133 00000000000000
2134 00000000000000
2135 00000000000000
2136 00000000000000
2137 00000000000000
2140 00000000000000
2141 00000000000000
2142 00000000000000
2143 00000000000000
2144 00000000000000
2145 00000000000000
2146 00000000000000
2147 00000000000000
2150 00000000000000
2151 00000000000000
2152 00000000000000
2153 00000000000000
2154 00000000000000
2155 00000000000000
2156 00000000000000
2157 00000000000000
2160 00000000000000
2161 00000000000000
2162 00000000000000
2163 00000000000000
2164 00000000000000
2165 00000000000000
2166 00000000000000
2167 00000000000000
2170 00000000000000
2171 00000000000000
2172 00000000000000
2173 00000000000000
2174 00000000000000
2175 00000000000000
2176 00000000000000
2177 00000000000000
2200 00000000000000
2201 00000000000000
2202 00000000000000
2203 00000000000000
2204 00000000000000
2205 00000000000000
2206 00000000000000
2207 00000000000000
2210 00000000000000
2211 00000000000000
2212 00000000000000
2213 00000000000000
2214 00000000000000
2215 00000000000000
2216 00000000000000
2217 00000000000000
2220 00000000000000
2221 00000000000000
2222 00000000000000
2223 00000000000000
2224 00000000000000
2225 00000000000000
2226 00000000000000
2227 00000000000000
2230 00000000000000
2231 00000000000000
2232 00000000000000
2233 00000000000000
2234 00000000000000
2235 00000000000000
2236 00000000000000
2237 00000000000000
2240 00000000000000
2241 00000000000000
2242 00000000000000
2243 00000000000000
2244 00000000000000
2245 00000000000000
2246 00000000000000
2247 00000000000000
2250 00000000000000
2251 00000000000000
2252 00000000000000
2253 00000000000000
2254 00000000000000
2255 00000000000000
2256 00000000000000
2257 00000000000000
2260 00000000000000
2261 00000000000000
2262 00000000000000
2263 00000000000000
2264 00000000000000
2265 00000000000000
2266 00000000000000
2267 00000000000000
2270 00000000000000
2271 00000000000000
2272 00000000000000
2273 00000000000000
2274 00000000000000
2275 00000000000000
2276 00000000000000
2277 00000000000000
2300 00000000000000
2301 00000000000000
2302 00000000000000
2303 00000000000000
2304 00000000000000
2305 00000000000000
2306 00000000000000
2307 00000000000000
2310 00000000000000
2311 00000000000000
2312 00000000000000
2313 00000000000000
2314 00000000000000
2315 00000000000000
2316 00000000000000
2317 00000000000000
2320 00000000000000
2321 00000000000000
2322 00000000000000
2323 00000000000000
2324 00000000000000
2325 00000000000000
2326 00000000000000
2327 00000000000000
2330 00000000000000
2331 00000000000000
2332 00000000000000
2333 00000000000000
2334 00000000000000
2335 00000000000000
2336 00000000000000
2337 00000000000000
2340 00000000000000
2341 00000000000000
2342 00000000000000
2343 00000000000000
2344 00000000000000
2345 00000000000000
2346 00000000000000
2347 00000000000000
2350 00000000000000
2351 00000000000000
2352 00000000000000
2353 00000000000000
2354 00000000000000
2355 00000000000000
2356 00000000000000
2357 00000000000000
2360 00000000000000
2361 00000000000000
2362 00000000000000
2363 00000000000000
2364 00000000000000
2365 00000000000000
2366 00000000000000
2367 00000000000000
2370 00000000000000
2371 00000000000000
2372 00000000000000
2373 00000000000000
2374 00000000000000
2375 00000000000000
2376 00000000000000
2377 00000000000000
2400 00000000000000
2401 00000000000000
2402 00000000000000
2403 00000000000000
2404 00000000000000
2405 00000000000000
2406 00000000000000
2407 00000000000000
2410 00000000000000
2411 00000000000000
2412 00000000000000
2413 00000000000000
2414 00000000000000
2415 00000000000000
2416 00000000000000
2417 00000000000000
2420 00000000000000
2421 00000000000000
2422 00000000000000
2423 00000000000000
2424 00000000000000
2425 00000000000000
2426 00000000000000
2427 00000000000000
2430 00000000000000
2431 00000000000000
2432 00000000000000
2433 00000000000000
2434 00000000000000
2435 00000000000000
2436 00000000000000
2437 00000000000000
2440 00000000000000
2441 00000000000000
2442 00000000000000
2443 00000000000000
2444 00000000000000
2445 00000000000000
2446 00000000000000
2447 00000000000000
2450 00000000000000
2451 00000000000000
2452 00000000000000
2453 00000000000000
2454 00000000000000
2455 00000000000000
2456 00000000000000
2457 00000000000000
2460 00000000000000
2461 00000000000000
2462 00000000000000
2463 00000000000000
2464 00000000000000
2465 00000000000000
2466 00000000000000
2467 00000000000000
2470 00000000000000
2471 00000000000000
2472 00000000000000
2473 00000000000000
2474 00000000000000
2475 00000000000000
2476 00000000000000
2477 00000000000000
2500 00000000000000
2501 00000000000000
2502 00000000000000
2503 00000000000000
2504 00000000000000
2505 00000000000000
2506 00000000000000
2507 00000000000000
2510 00000000000000
2511 00000000000000
2512 00000000000000
2513 00000000000000
2514 00000000000000
2515 00000000000000
2516 00000000000000
2517 00000000000000
2520 00000000000000
2521 00000000000000
2522 00000000000000
2523 00000000000000
2524 00000000000000
2525 00000000000000
2526 00000000000000
2527 00000000000000
2530 00000000000000
2531 00000000000000
2532 00000000000000
2533 00000000000000
2534 00000000000000
2535 00000000000000
2536 00000000000000
2537 00000000000000
2540 00000000000000
2541 00000000000000
2542 00000000000000
2543 00000000000000
2544 00000000000000
2545 00000000000000
2546 00000000000000
2547 00000000000000
2550 00000000000000
2551 00000000000000
2552 00000000000000
2553 00000000000000
2554 00000000000000
2555 00000000000000
2556 00000000000000
2557 00000000000000
2560 00000000000000
2561 00000000000000
2562 00000000000000
2563 00000000000000
2564 00000000000000
2565 00000000000000
2566 00000000000000
2567 00000000000000
2570 00000000000000
2571 00000000000000
2572 00000000000000
2573 00000000000000
2574 00000000000000
2575 00000000000000
2576 00000000000000
2577 00000000000000
2600 00000000000000
2601 00000000000000
2602 00000000000000
2603 00000000000000
2604 00000000000000
2605 00000000000000
2606 00000000000000
2607 00000000000000
2610 00000000000000
2611 00000000000000
2612 00000000000000
2613 00000000000000
2614 00000000000000
2615 00000000000000
2616 00000000000000
2617 00000000000000
2620 00000000000000
2621 00000000000000
2622 00000000000000
2623 00000000000000
2624 00000000000000
2625 00000000000000
2626 00000000000000
2627 00000000000000
2630 00000000000000
2631 00000000000000
2632 00000000000000
2633 00000000000000
2634 00000000000000
2635 00000000000000
2636 00000000000000
2637 00000000000000
2640 00000000000000
2641 00000000000000
2642 00000000000000
2643 00000000000000
2644 00000000000000
2645 00000000000000
2646 00000000000000
2647 00000000000000
2650 00000000000000
2651 00000000000000
2652 00000000000000
2653 00000000000000
2654 00000000000000
2655 00000000000000
2656 00000000000000
2657 00000000000000
2660 00000000000000
2661 00000000000000
2662 00000000000000
2663 00000000000000
2664 00000000000000
2665 00000000000000
2666 00000000000000
2667 00000000000000
2670 00000000000000
2671 00000000000000
2672 00000000000000
2673 00000000000000
2674 00000000000000
2675 00000000000000
2676 00000000000000
2677 00000000000000
2700 00000000000000
2701 00000000000000
2702 00000000000000
2703 00000000000000
2704 00000000000000
2705 00000000000000
2706 00000000000000
2707 00000000000000
2710 00000000000000
2711 00000000000000
2712 00000000000000
2713 00000000000000
2714 00000000000000
2715 00000000000000
2716 00000000000000
2717 00000000000000
2720 00000000000000
2721 00000000000000
2722 00000000000000
2723 00000000000000
2724 00000000000000
2725 00000000000000
2726 00000000000000
2727 00000000000000
2730 00000000000000
2731 00000000000000
2732 00000000000000
2733 00000000000000
2734 00000000000000
2735 00000000000000
2736 00000000000000
2737 00000000000000
2740 00000000000000
2741 00000000000000
2742 00000000000000
2743 00000000000000
2744 00000000000000
2745 00000000000000
2746 00000000000000
2747 00000000000000
2750 00000000000000
2751 00000000000000
2752 00000000000000
2753 00000000000000
2754 00000000000000
2755 00000000000000
2756 00000000000000
2757 00000000000000
2760 00000000000000
2761 00000000000000
2762 00000000000000
2763 00000000000000
2764 00000000000000
2765 00000000000000
2766 00000000000000
2767 00000000000000
2770 00000000000000
2771 00000000000000
2772 00000000000000
2773 00000000000000
2774 00000000000000
2775 00000000000000
2776 00000000000000
2777 00000000000000
3000 00000000000000
3001 00000000000000
3002 00000000000000
3003 00000000000000
3004 00000000000000
3005 00000000000000
3006 00000000000000
3007 00000000000000
3010 00000000000000
3011 00000000000000
3012 00000000000000
3013 00000000000000
3014 00000000000000
3015 00000000000000
3016 00000000000000
3017 00000000000000
3020 00000000000000
3021 00000000000000
3022 00000000000000
3023 00000000000000
3024 00000000000000
3025 00000000000000
3026 00000000000000
3027 00000000000000
3030 00000000000000
3031 00000000000000
3032 00000000000000
3033 00000000000000
3034 00000000000000
3035 00000000000000
3036 00000000000000
3037 00000000000000
3040 00000000000000
3041 00000000000000
3042 00000000000000
3043 00000000000000
3044 00000000000000
3045 00000000000000
3046 00000000000000
3047 00000000000000
3050 00000000000000
3051 00000000000000
3052 00000000000000
3053 00000000000000
3054 00000000000000
3055 00000000000000
3056 00000000000000
3057 00000000000000
3060 00000000000000
3061 00000000000000
3062 00000000000000
3063 00000000000000
3064 00000000000000
3065 00000000000000
3066 00000000000000
3067 00000000000000
3070 00000000000000
3071 00000000000000
3072 00000000000000
3073 00000000000000
3074 00000000000000
3075 00000000000000
3076 00000000000000
3077 00000000000000
3100 00000000000000
3101 00000000000000
3102 00000000000000
3103 00000000000000
3104 00000000000000
3105 00000000000000
3106 00000000000000
3107 00000000000000
3110 00000000000000
3111 00000000000000
3112 00000000000000
3113 00000000000000
3114 00000000000000
3115 00000000000000
3116 00000000000000
3117 00000000000000
3120 00000000000000
3121 00000000000000
3122 00000000000000
3123 00000000000000
3124 00000000000000
3125 00000000000000
3126 00000000000000
3127 00000000000000
3130 00000000000000
3131 00000000000000
3132 00000000000000
3133 00000000000000
3134 00000000000000
3135 00000000000000
3136 00000000000000
3137 00000000000000
3140 00000000000000
3141 00000000000000
3142 00000000000000
3143 00000000000000
3144 00000000000000
3145 00000000000000
3146 00000000000000
3147 00000000000000
3150 00000000000000
3151 00000000000000
3152 00000000000000
3153 00000000000000
3154 00000000000000
3155 00000000000000
3156 00000000000000
3157 00000000000000
3160 00000000000000
3161 00000000000000
3162 00000000000000
3163 00000000000000
3164 00000000000000
3165 00000000000000
3166 00000000000000
3167 00000000000000
3170 00000000000000
3171 00000000000000
3172 00000000000000
3173 00000000000000
3174 00000000000000
3175 00000000000000
3176 00000000000000
3177 00000000000000
3200 00000000000000
3201 00000000000000
3202 00000000000000
3203 00000000000000
3204 00000000000000
3205 00000000000000
3206 00000000000000
3207 00000000000000
3210 00000000000000
3211 00000000000000
3212 00000000000000
3213 00000000000000
3214 00000000000000
3215 00000000000000
3216 00000000000000
3217 00000000000000
3220 00000000000000
3221 00000000000000
3222 00000000000000
3223 00000000000000
3224 00000000000000
3225 00000000000000
3226 00000000000000
3227 00000000000000
3230 00000000000000
3231 00000000000000
3232 00000000000000
3233 00000000000000
3234 00000000000000
3235 00000000000000
3236 00000000000000
3237 00000000000000
3240 00000000000000
3241 00000000000000
3242 00000000000000
3243 00000000000000
3244 00000000000000
3245 00000000000000
3246 00000000000000
3247 00000000000000
3250 00000000000000
3251 00000000000000
3252 00000000000000
3253 00000000000000
3254 00000000000000
3255 00000000000000
3256 00000000000000
3257 00000000000000
3260 00000000000000
3261 00000000000000
3262 00000000000000
3263 00000000000000
3264 00000000000000
3265 00000000000000
3266 00000000000000
3267 00000000000000
3270 00000000000000
3271 00000000000000
3272 00000000000000
3273 00000000000000
3274 00000000000000
3275 00000000000000
3276 00000000000000
3277 00000000000000
3300 00000000000000
3301 00000000000000
3302 00000000000000
3303 00000000000000
3304 00000000000000
3305 00000000000000
3306 00000000000000
3307 00000000000000
3310 00000000000000
3311 00000000000000
3312 00000000000000
3313 00000000000000
3314 00000000000000
3315 00000000000000
3316 00000000000000
3317 00000000000000
3320 00000000000000
3321 00000000000000
3322 00000000000000
3323 00000000000000
3324 00000000000000
3325 00000000000000
3326 00000000000000
3327 00000000000000
3330 00000000000000
3331 00000000000000
3332 00000000000000
3333 00000000000000
3334 00000000000000
3335 00000000000000
3336 00000000000000
3337 00000000000000
3340 00000000000000
3341 00000000000000
3342 00000000000000
3343 00000000000000
3344 00000000000000
3345 00000000000000
3346 00000000000000
3347 00000000000000
3350 00000000000000
3351 00000000000000
3352 00000000000000
3353 00000000000000
3354 00000000000000
3355 00000000000000
3356 00000000000000
3357 00000000000000
3360 00000000000000
3361 00000000000000
3362 00000000000000
3363 00000000000000
3364 00000000000000
3365 00000000000000
3366 00000000000000
3367 00000000000000
3370 00000000000000
3371 00000000000000
3372 00000000000000
3373 00000000000000
3374 00000000000000
3375 00000000000000
3376 00000000000000
3377 00000000000000
3400 00000000000000
3401 00000000000000
3402 00000000000000
3403 00000000000000
3404 00000000000000
3405 00000000000000
3406 00000000000000
3407 00000000000000
3410 00000000000000
3411 00000000000000
3412 00000000000000
3413 00000000000000
3414 00000000000000
3415 00000000000000
3416 00000000000000
3417 00000000000000
3420 00000000000000
3421 00000000000000
3422 00000000000000
3423 00000000000000
3424 00000000000000
3425 00000000000000
3426 00000000000000
3427 00000000000000
3430 00000000000000
3431 00000000000000
3432 00000000000000
3433 00000000000000
3434 00000000000000
3435 00000000000000
3436 00000000000000
3437 00000000000000
3440 00000000000000
3441 00000000000000
3442 00000000000000
3443 00000000000000
3444 00000000000000
3445 00000000000000
3446 00000000000000
3447 00000000000000
3450 00000000000000
3451 00000000000000
3452 00000000000000
3453 00000000000000
3454 00000000000000
3455 00000000000000
3456 00000000000000
3457 00000000000000
3460 00000000000000
3461 00000000000000
3462 00000000000000
3463 00000000000000
3464 00000000000000
3465 00000000000000
3466 00000000000000
3467 00000000000000
3470 00000000000000
3471 00000000000000
3472 00000000000000
3473 00000000000000
3474 00000000000000
3475 00000000000000
3476 00000000000000
3477 00000000000000
3500 00000000000000
3501 00000000000000
3502 00000000000000
3503 00000000000000
3504 00000000000000
3505 00000000000000
3506 00000000000000
3507 00000000000000
3510 00000000000000
3511 00000000000000
3512 00000000000000
3513 00000000000000
3514 00000000000000
3515 00000000000000
3516 00000000000000
3517 00000000000000
3520 00000000000000
3521 00000000000000
3522 00000000000000
3523 00000000000000
3524 00000000000000
3525 00000000000000
3526 00000000000000
3527 00000000000000
3530 00000000000000
3531 00000000000000
3532 00000000000000
3533 00000000000000
3534 00000000000000
3535 00000000000000
3536 00000000000000
3537 00000000000000
3540 00000000000000
3541 00000000000000
3542 00000000000000
3543 00000000000000
3544 00000000000000
3545 00000000000000
3546 00000000000000
3547 00000000000000
3550 00000000000000
3551 00000000000000
3552 00000000000000
3553 00000000000000
3554 00000000000000
3555 00000000000000
3556 00000000000000
3557 00000000000000
3560 00000000000000
3561 00000000000000
3562 00000000000000
3563 00000000000000
3564 00000000000000
3565 00000000000000
3566 00000000000000
3567 00000000000000
3570 00000000000000
3571 00000000000000
3572 00000000000000
3573 00000000000000
3574 00000000000000
3575 00000000000000
3576 00000000000000
3577 00000000000000
3600 00000000000000
3601 00000000000000
3602 00000000000000
3603 00000000000000
3604 00000000000000
3605 00000000000000
3606 00000000000000
3607 00000000000000
3610 00000000000000
3611 00000000000000
3612 00000000000000
3613 00000000000000
3614 00000000000000
3615 00000000000000
3616 00000000000000
3617 00000000000000
3620 00000000000000
3621 00000000000000
3622 00000000000000
3623 00000000000000
3624 00000000000000
3625 00000000000000
3626 00000000000000
3627 00000000000000
3630 00000000000000
3631 00000000000000
3632 00000000000000
3633 00000000000000
3634 00000000000000
3635 00000000000000
3636 00000000000000
3637 00000000000000
3640 00000000000000
3641 00000000000000
3642 00000000000000
3643 00000000000000
3644 00000000000000
3645 00000000000000
3646 00000000000000
3647 00000000000000
3650 00000000000000
3651 00000000000000
3652 00000000000000
3653 00000000000000
3654 00000000000000
3655 00000000000000
3656 00000000000000
3657 00000000000000
3660 00000000000000
3661 00000000000000
3662 00000000000000
3663 00000000000000
3664 00000000000000
3665 00000000000000
3666 00000000000000
3667 00000000000000
3670 00000000000000
3671 00000000000000
3672 00000000000000
3673 00000000000000
3674 00000000000000
3675 00000000000000
3676 00000000000000
3677 00000000000000
3700 00000000000000
3701 00000000000000
3702 00000000000000
3703 00000000000000
3704 00000000000000
3705 00000000000000
3706 00000000000000
3707 00000000000000
3710 00000000000000
3711 00000000000000
3712 00000000000000
3713 00000000000000
3714 00000000000000
3715 00000000000000
3716 00000000000000
3717 00000000000000
3720 00000000000000
3721 00000000000000
3722 00000000000000
3723 00000000000000
3724 00000000000000
3725 00000000000000
3726 00000000000000
3727 00000000000000
3730 00000000000000
3731 00000000000000
3732 00000000000000
3733 00000000000000
3734 00000000000000
3735 00000000000000
3736 00000000000000
3737 00000000000000
3740 00000000000000
3741 00000000000000
3742 00000000000000
3743 00000000000000
3744 00000000000000
3745 00000000000000
3746 00000000000000
3747 00000000000000
3750 00000000000000
3751 00000000000000
3752 00000000000000
3753 00000000000000
3754 00000000000000
3755 00000000000000
3756 00000000000000
3757 00000000000000
3760 00000000000000
3761 00000000000000
3762 00000000000000
3763 00000000000000
3764 00000000000000
3765 00000000000000
3766 00000000000000
3767 00000000000000
3770 00000000000000
3771 00000000000000
3772 00000000000000
3773 00000000000000
3774 00000000000000
3775 00000000000000
3776 00000000000000
3777 00000000000000
4000 00000000000000
4001 00000000000000
4002 00000000000000
4003 00000000000000
4004 00000000000000
4005 00000000000000
4006 00000000000000
4007 00000000000000
4010 00000000000000
4011 00000000000000
4012 00000000000000
4013 00000000000000
4014 00000000000000
4015 00000000000000
4016 00000000000000
4017 00000000000000
4020 00000000000000
4021 00000000000000
4022 00000000000000
4023 00000000000000
4024 00000000000000
4025 00000000000000
4026 00000000000000
4027 00000000000000
4030 00000000000000
4031 00000000000000
4032 00000000000000
4033 00000000000000
4034 00000000000000
4035 00000000000000
4036 00000000000000
4037 00000000000000
4040 00000000000000
4041 00000000000000
4042 00000000000000
4043 00000000000000
4044 00000000000000
4045 00000000000000
4046 00000000000000
4047 00000000000000
4050 00000000000000
4051 00000000000000
4052 00000000000000
4053 00000000000000
4054 00000000000000
4055 00000000000000
4056 00000000000000
4057 00000000000000
4060 00000000000000
4061 00000000000000
4062 00000000000000
4063 00000000000000
4064 00000000000000
4065 00000000000000
4066 00000000000000
4067 00000000000000
4070 00000000000000
4071 00000000000000
4072 00000000000000
4073 00000000000000
4074 00000000000000
4075 00000000000000
4076 00000000000000
4077 00000000000000
4100 00000000000000
4101 00000000000000
4102 00000000000000
4103 00000000000000
4104 00000000000000
4105 00000000000000
4106 00000000000000
4107 00000000000000
4110 00000000000000
4111 00000000000000
4112 00000000000000
4113 00000000000000
4114 00000000000000
4115 00000000000000
4116 00000000000000
4117 00000000000000
4120 00000000000000
4121 00000000000000
4122 00000000000000
4123 00000000000000
4124 00000000000000
4125 00000000000000
4126 00000000000000
4127 00000000000000
4130 00000000000000
4131 00000000000000
4132 00000000000000
4133 00000000000000
4134 00000000000000
4135 00000000000000
4136 00000000000000
4137 00000000000000
4140 00000000000000
4141 00000000000000
4142 00000000000000
4143 00000000000000
4144 00000000000000
4145 00000000000000
4146 00000000000000
4147 00000000000000
4150 00000000000000
4151 00000000000000
4152 00000000000000
4153 00000000000000
4154 00000000000000
4155 00000000000000
4156 00000000000000
4157 00000000000000
4160 00000000000000
4161 00000000000000
4162 00000000000000
4163 00000000000000
4164 00000000000000
4165 00000000000000
4166 00000000000000
4167 00000000000000
4170 00000000000000
4171 00000000000000
4172 00000000000000
4173 00000000000000
4174 00000000000000
4175 00000000000000
4176 00000000000000
4177 00000000000000
4200 00000000000000
4201 00000000000000
4202 00000000000000
4203 00000000000000
4204 00000000000000
4205 00000000000000
4206 00000000000000
4207 00000000000000
4210 00000000000000
4211 00000000000000
4212 00000000000000
4213 00000000000000
4214 00000000000000
4215 00000000000000
4216 00000000000000
4217 00000000000000
4220 00000000000000
4221 00000000000000
4222 00000000000000
4223 00000000000000
4224 00000000000000
4225 00000000000000
4226 00000000000000
4227 00000000000000
4230 00000000000000
4231 00000000000000
4232 00000000000000
4233 00000000000000
4234 00000000000000
4235 00000000000000
4236 00000000000000
4237 00000000000000
4240 00000000000000
4241 00000000000000
4242 00000000000000
4243 00000000000000
4244 00000000000000
4245 00000000000000
4246 00000000000000
4247 00000000000000
4250 00000000000000
4251 00000000000000
4252 00000000000000
4253 00000000000000
4254 00000000000000
4255 00000000000000
4256 00000000000000
4257 00000000000000
4260 00000000000000
4261 00000000000000
4262 00000000000000
4263 00000000000000
4264 00000000000000
4265 00000000000000
4266 00000000000000
4267 00000000000000
4270 00000000000000
4271 00000000000000
4272 00000000000000
4273 00000000000000
4274 00000000000000
4275 00000000000000
4276 00000000000000
4277 00000000000000
4300 00000000000000
4301 00000000000000
4302 00000000000000
4303 00000000000000
4304 00000000000000
4305 00000000000000
4306 00000000000000
4307 00000000000000
4310 00000000000000
4311 00000000000000
4312 00000000000000
4313 00000000000000
4314 00000000000000
4315 00000000000000
4316 00000000000000
4317 00000000000000
4320 00000000000000
4321 00000000000000
4322 00000000000000
4323 00000000000000
4324 00000000000000
4325 00000000000000
4326 00000000000000
4327 00000000000000
4330 00000000000000
4331 00000000000000
4332 00000000000000
4333 00000000000000
4334 00000000000000
4335 00000000000000
4336 00000000000000
4337 00000000000000
4340 00000000000000
4341 00000000000000
4342 00000000000000
4343 00000000000000
4344 00000000000000
4345 00000000000000
4346 00000000000000
4347 00000000000000
4350 00000000000000
4351 00000000000000
4352 00000000000000
4353 00000000000000
4354 00000000000000
4355 00000000000000
4356 00000000000000
4357 00000000000000
4360 00000000000000
4361 00000000000000
4362 00000000000000
4363 00000000000000
4364 00000000000000
4365 00000000000000
4366 00000000000000
4367 00000000000000
4370 00000000000000
4371 00000000000000
4372 00000000000000
4373 00000000000000
4374 00000000000000
4375 00000000000000
4376 00000000000000
4377 00000000000000
4400 00000000000000
4401 00000000000000
4402 00000000000000
4403 00000000000000
4404 00000000000000
4405 00000000000000
4406 00000000000000
4407 00000000000000
4410 00000000000000
4411 00000000000000
4412 00000000000000
4413 00000000000000
4414 00000000000000
4415 00000000000000
4416 00000000000000
4417 00000000000000
4420 00000000000000
4421 00000000000000
4422 00000000000000
4423 00000000000000
4424 00000000000000
4425 00000000000000
4426 00000000000000
4427 00000000000000
4430 00000000000000
4431 00000000000000
4432 00000000000000
4433 00000000000000
4434 00000000000000
4435 00000000000000
4436 00000000000000
4437 00000000000000
4440 00000000000000
4441 00000000000000
4442 00000000000000
4443 00000000000000
4444 00000000000000
4445 00000000000000
4446 00000000000000
4447 00000000000000
4450 00000000000000
4451 00000000000000
4452 00000000000000
4453 00000000000000
4454 00000000000000
4455 00000000000000
4456 00000000000000
4457 00000000000000
4460 00000000000000
4461 00000000000000
4462 00000000000000
4463 00000000000000
4464 00000000000000
4465 00000000000000
4466 00000000000000
4467 00000000000000
4470 00000000000000
4471 00000000000000
4472 00000000000000
4473 00000000000000
4474 00000000000000
4475 00000000000000
4476 00000000000000
4477 00000000000000
4500 00000000000000
4501 00000000000000
4502 00000000000000
4503 00000000000000
4504 00000000000000
4505 00000000000000
4506 00000000000000
4507 00000000000000
4510 00000000000000
4511 00000000000000
4512 00000000000000
4513 00000000000000
4514 00000000000000
4515 00000000000000
4516 00000000000000
4517 00000000000000
4520 00000000000000
4521 00000000000000
4522 00000000000000
4523 00000000000000
4524 00000000000000
4525 00000000000000
4526 00000000000000
4527 00000000000000
4530 00000000000000
4531 00000000000000
4532 00000000000000
4533 00000000000000
4534 00000000000000
4535 00000000000000
4536 00000000000000
4537 00000000000000
4540 00000000000000
4541 00000000000000
4542 00000000000000
4543 00000000000000
4544 00000000000000
4545 00000000000000
4546 00000000000000
4547 00000000000000
4550 00000000000000
4551 00000000000000
4552 00000000000000
4553 00000000000000
4554 00000000000000
4555 00000000000000
4556 00000000000000
4557 00000000000000
4560 00000000000000
4561 00000000000000
4562 00000000000000
4563 00000000000000
4564 00000000000000
4565 00000000000000
4566 00000000000000
4567 00000000000000
4570 00000000000000
4571 00000000000000
4572 00000000000000
4573 00000000000000
4574 00000000000000
4575 00000000000000
4576 00000000000000
4577 00000000000000
4600 00000000000000
4601 00000000000000
4602 00000000000000
4603 00000000000000
4604 00000000000000
4605 00000000000000
4606 00000000000000
4607 00000000000000
4610 00000000000000
4611 00000000000000
4612 00000000000000
4613 00000000000000
4614 00000000000000
4615 00000000000000
4616 00000000000000
4617 00000000000000
4620 00000000000000
4621 00000000000000
4622 00000000000000
4623 00000000000000
4624 00000000000000
4625 00000000000000
4626 00000000000000
4627 00000000000000
4630 00000000000000
4631 00000000000000
4632 00000000000000
4633 00000000000000
4634 00000000000000
4635 00000000000000
4636 00000000000000
4637 00000000000000
4640 00000000000000
4641 00000000000000
4642 00000000000000
4643 00000000000000
4644 00000000000000
4645 00000000000000
4646 00000000000000
4647 00000000000000
4650 00000000000000
4651 00000000000000
4652 00000000000000
4653 00000000000000
4654 00000000000000
4655 00000000000000
4656 00000000000000
4657 00000000000000
4660 00000000000000
4661 00000000000000
4662 00000000000000
4663 00000000000000
4664 00000000000000
4665 00000000000000
4666 00000000000000
4667 00000000000000
4670 00000000000000
4671 00000000000000
4672 00000000000000
4673 00000000000000
4674 00000000000000
4675 00000000000000
4676 00000000000000
4677 00000000000000
4700 00000000000000
4701 00000000000000
4702 00000000000000
4703 00000000000000
4704 00000000000000
4705 00000000000000
4706 00000000000000
4707 00000000000000
4710 00000000000000
4711 00000000000000
4712 00000000000000
4713 00000000000000
4714 00000000000000
4715 00000000000000
4716 00000000000000
4717 00000000000000
4720 00000000000000
4721 00000000000000
4722 00000000000000
4723 00000000000000
4724 00000000000000
4725 00000000000000
4726 00000000000000
4727 00000000000000
4730 00000000000000
4731 00000000000000
4732 00000000000000
4733 00000000000000
4734 00000000000000
4735 00000000000000
4736 00000000000000
4737 00000000000000
4740 00000000000000
4741 00000000000000
4742 00000000000000
4743 00000000000000
4744 00000000000000
4745 00000000000000
4746 00000000000000
4747 00000000000000
4750 00000000000000
4751 00000000000000
4752 00000000000000
4753 00000000000000
4754 00000000000000
4755 00000000000000
4756 00000000000000
4757 00000000000000
4760 00000000000000
4761 00000000000000
4762 00000000000000
4763 00000000000000
4764 00000000000000
4765 00000000000000
4766 00000000000000
4767 00000000000000
4770 00000000000000
4771 00000000000000
4772 00000000000000
4773 00000000000000
4774 00000000000000
4775 00000000000000
4776 00000000000000
4777 00000000000000
5000 00000000000000
5001 00000000000000
5002 00000000000000
5003 00000000000000
5004 00000000000000
5005 00000000000000
5006 00000000000000
5007 00000000000000
5010 00000000000000
5011 00000000000000
5012 00000000000000
5013 00000000000000
5014 00000000000000
5015 00000000000000
5016 00000000000000
5017 00000000000000
5020 00000000000000
5021 00000000000000
5022 00000000000000
5023 00000000000000
5024 00000000000000
5025 00000000000000
5026 00000000000000
5027 00000000000000
5030 00000000000000
5031 00000000000000
5032 00000000000000
5033 00000000000000
5034 00000000000000
5035 00000000000000
5036 00000000000000
5037 00000000000000
5040 00000000000000
5041 00000000000000
5042 00000000000000
5043 00000000000000
5044 00000000000000
5045 00000000000000
5046 00000000000000
5047 00000000000000
5050 00000000000000
5051 00000000000000
5052 00000000000000
5053 00000000000000
5054 00000000000000
5055 00000000000000
5056 00000000000000
5057 00000000000000
5060 00000000000000
5061 00000000000000
5062 00000000000000
5063 00000000000000
5064 00000000000000
5065 00000000000000
5066 00000000000000
5067 00000000000000
5070 00000000000000
5071 00000000000000
5072 00000000000000
5073 00000000000000
5074 00000000000000
5075 00000000000000
5076 00000000000000
5077 00000000000000
5100 00000000000000
5101 00000000000000
5102 00000000000000
5103 00000000000000
5104 00000000000000
5105 00000000000000
5106 00000000000000
5107 00000000000000
5110 00000000000000
5111 00000000000000
5112 00000000000000
5113 00000000000000
5114 00000000000000
5115 00000000000000
5116 00000000000000
5117 00000000000000
5120 00000000000000
5121 00000000000000
5122 00000000000000
5123 00000000000000
5124 00000000000000
5125 00000000000000
5126 00000000000000
5127 00000000000000
5130 00000000000000
5131 00000000000000
5132 00000000000000
5133 00000000000000
5134 00000000000000
5135 00000000000000
5136 00000000000000
5137 00000000000000
5140 00000000000000
5141 00000000000000
5142 00000000000000
5143 00000000000000
5144 00000000000000
5145 00000000000000
5146 00000000000000
5147 00000000000000
5150 00000000000000
5151 00000000000000
5152 00000000000000
5153 00000000000000
5154 00000000000000
5155 00000000000000
5156 00000000000000
5157 00000000000000
5160 00000000000000
5161 00000000000000
5162 00000000000000
5163 00000000000000
5164 00000000000000
5165 00000000000000
5166 00000000000000
5167 00000000000000
5170 00000000000000
5171 00000000000000
5172 00000000000000
5173 00000000000000
5174 00000000000000
5175 00000000000000
5176 00000000000000
5177 00000000000000
5200 00000000000000
5201 00000000000000
5202 00000000000000
5203 00000000000000
5204 00000000000000
5205 00000000000000
5206 00000000000000
5207 00000000000000
5210 00000000000000
5211 00000000000000
5212 00000000000000
5213 00000000000000
5214 00000000000000
5215 00000000000000
5216 00000000000000
5217 00000000000000
5220 00000000000000
5221 00000000000000
5222 00000000000000
5223 00000000000000
5224 00000000000000
5225 00000000000000
5226 00000000000000
5227 00000000000000
5230 00000000000000
5231 00000000000000
5232 00000000000000
5233 00000000000000
5234 00000000000000
5235 00000000000000
5236 00000000000000
5237 00000000000000
5240 00000000000000
5241 00000000000000
5242 00000000000000
5243 00000000000000
5244 00000000000000
5245 00000000000000
5246 00000000000000
5247 00000000000000
5250 00000000000000
5251 00000000000000
5252 00000000000000
5253 00000000000000
5254 00000000000000
5255 00000000000000
5256 00000000000000
5257 00000000000000
5260 00000000000000
5261 00000000000000
5262 00000000000000
5263 00000000000000
5264 00000000000000
5265 00000000000000
5266 00000000000000
5267 00000000000000
5270 00000000000000
5271 00000000000000
5272 00000000000000
5273 00000000000000
5274 00000000000000
5275 00000000000000
5276 00000000000000
5277 00000000000000
5300 00000000000000
5301 00000000000000
5302 00000000000000
5303 00000000000000
5304 00000000000000
5305 00000000000000
5306 00000000000000
5307 00000000000000
5310 00000000000000
5311 00000000000000
5312 00000000000000
5313 00000000000000
5314 00000000000000
5315 00000000000000
5316 00000000000000
5317 00000000000000
5320 00000000000000
5321 00000000000000
5322 00000000000000
5323 00000000000000
5324 00000000000000
5325 00000000000000
5326 00000000000000
5327 00000000000000
5330 00000000000000
5331 00000000000000
5332 00000000000000
5333 00000000000000
5334 00000000000000
5335 00000000000000
5336 00000000000000
5337 00000000000000
5340 00000000000000
5341 00000000000000
5342 00000000000000
5343 00000000000000
5344 00000000000000
5345 00000000000000
5346 00000000000000
5347 00000000000000
5350 00000000000000
5351 00000000000000
5352 00000000000000
5353 00000000000000
5354 00000000000000
5355 00000000000000
5356 00000000000000
5357 00000000000000
5360 00000000000000
5361 00000000000000
5362 00000000000000
5363 00000000000000
5364 00000000000000
5365 00000000000000
5366 00000000000000
5367 00000000000000
5370 00000000000000
5371 00000000000000
5372 00000000000000
5373 00000000000000
5374 00000000000000
5375 00000000000000
5376 00000000000000
5377 00000000000000
5400 00000000000000
5401 00000000000000
5402 00000000000000
5403 00000000000000
5404 00000000000000
5405 00000000000000
5406 00000000000000
5407 00000000000000
5410 00000000000000
5411 00000000000000
5412 00000000000000
5413 00000000000000
5414 00000000000000
5415 00000000000000
5416 00000000000000
5417 00000000000000
5420 00000000000000
5421 00000000000000
5422 00000000000000
5423 00000000000000
5424 00000000000000
5425 00000000000000
5426 00000000000000
5427 00000000000000
5430 00000000000000
5431 00000000000000
5432 00000000000000
5433 00000000000000
5434 00000000000000
5435 00000000000000
5436 00000000000000
5437 00000000000000
5440 00000000000000
5441 00000000000000
5442 00000000000000
5443 00000000000000
5444 00000000000000
5445 00000000000000
5446 00000000000000
5447 00000000000000
5450 00000000000000
5451 00000000000000
5452 00000000000000
5453 00000000000000
5454 00000000000000
5455 00000000000000
5456 00000000000000
5457 00000000000000
5460 00000000000000
5461 00000000000000
5462 00000000000000
5463 00000000000000
5464 00000000000000
5465 00000000000000
5466 00000000000000
5467 00000000000000
5470 00000000000000
5471 00000000000000
5472 00000000000000
5473 00000000000000
5474 00000000000000
5475 00000000000000
5476 00000000000000
5477 00000000000000
5500 00000000000000
5501 00000000000000
5502 00000000000000
5503 00000000000000
5504 00000000000000
5505 00000000000000
5506 00000000000000
5507 00000000000000
5510 00000000000000
5511 00000000000000
5512 00000000000000
5513 00000000000000
5514 00000000000000
5515 00000000000000
5516 00000000000000
5517 00000000000000
5520 00000000000000
5521 00000000000000
5522 00000000000000
5523 00000000000000
5524 00000000000000
5525 00000000000000
5526 00000000000000
5527 00000000000000
5530 00000000000000
5531 00000000000000
5532 00000000000000
5533 00000000000000
5534 00000000000000
5535 00000000000000
5536 00000000000000
5537 00000000000000
5540 00000000000000
5541 00000000000000
5542 00000000000000
5543 00000000000000
5544 00000000000000
5545 00000000000000
5546 00000000000000
5547 00000000000000
5550 00000000000000
5551 00000000000000
5552 00000000000000
5553 00000000000000
5554 00000000000000
5555 00000000000000
5556 00000000000000
5557 00000000000000
5560 00000000000000
5561 00000000000000
5562 00000000000000
5563 00000000000000
5564 00000000000000
5565 00000000000000
5566 00000000000000
5567 00000000000000
5570 00000000000000
5571 00000000000000
5572 00000000000000
5573 00000000000000
5574 00000000000000
5575 00000000000000
5576 00000000000000
5577 00000000000000
5600 00000000000000
5601 00000000000000
5602 00000000000000
5603 00000000000000
5604 00000000000000
5605 00000000000000
5606 00000000000000
5607 00000000000000
5610 00000000000000
5611 00000000000000
5612 00000000000000
5613 00000000000000
5614 00000000000000
5615 00000000000000
5616 00000000000000
5617 00000000000000
5620 00000000000000
5621 00000000000000
5622 00000000000000
5623 00000000000000
5624 00000000000000
5625 00000000000000
5626 00000000000000
5627 00000000000000
5630 00000000000000
5631 00000000000000
5632 00000000000000
5633 00000000000000
5634 00000000000000
5635 00000000000000
5636 00000000000000
5637 00000000000000
5640 00000000000000
5641 00000000000000
5642 00000000000000
5643 00000000000000
5644 00000000000000
5645 00000000000000
5646 00000000000000
5647 00000000000000
5650 00000000000000
5651 00000000000000
5652 00000000000000
5653 00000000000000
5654 00000000000000
5655 00000000000000
5656 00000000000000
5657 00000000000000
5660 00000000000000
5661 00000000000000
5662 00000000000000
5663 00000000000000
5664 00000000000000
5665 00000000000000
5666 00000000000000
5667 00000000000000
5670 00000000000000
5671 00000000000000
5672 00000000000000
5673 00000000000000
5674 00000000000000
5675 00000000000000
5676 00000000000000
5677 00000000000000
5700 00000000000000
5701 00000000000000
5702 00000000000000
5703 00000000000000
5704 00000000000000
5705 00000000000000
5706 00000000000000
5707 00000000000000
5710 00000000000000
5711 00000000000000
5712 00000000000000
5713 00000000000000
5714 00000000000000
5715 00000000000000
5716 00000000000000
5717 00000000000000
5720 00000000000000
5721 00000000000000
5722 00000000000000
5723 00000000000000
5724 00000000000000
5725 00000000000000
5726 00000000000000
5727 00000000000000
5730 00000000000000
5731 00000000000000
5732 00000000000000
5733 00000000000000
5734 00000000000000
5735 00000000000000
5736 00000000000000
5737 00000000000000
5740 00000000000000
5741 00000000000000
5742 00000000000000
5743 00000000000000
5744 00000000000000
5745 00000000000000
5746 00000000000000
5747 00000000000000
5750 00000000000000
5751 00000000000000
5752 00000000000000
5753 00000000000000
5754 00000000000000
5755 00000000000000
5756 00000000000000
5757 00000000000000
5760 00000000000000
5761 00000000000000
5762 00000000000000
5763 00000000000000
5764 00000000000000
5765 00000000000000
5766 00000000000000
5767 00000000000000
5770 00000000000000
5771 00000000000000
5772 00000000000000
5773 00000000000000
5774 00000000000000
5775 00000000000000
5776 00000000000000
5777 00000000000000
6000 00000000000000
6001 00000000000000
6002 00000000000000
6003 00000000000000
6004 00000000000000
6005 00000000000000
6006 00000000000000
6007 00000000000000
6010 00000000000000
6011 00000000000000
6012 00000000000000
6013 00000000000000
6014 00000000000000
6015 00000000000000
6016 00000000000000
6017 00000000000000
6020 00000000000000
6021 00000000000000
6022 00000000000000
6023 00000000000000
6024 00000000000000
6025 00000000000000
6026 00000000000000
6027 00000000000000
6030 00000000000000
6031 00000000000000
6032 00000000000000
6033 00000000000000
6034 00000000000000
6035 00000000000000
6036 00000000000000
6037 00000000000000
6040 00000000000000
6041 00000000000000
6042 00000000000000
6043 00000000000000
6044 00000000000000
6045 00000000000000
6046 00000000000000
6047 00000000000000
6050 00000000000000
6051 00000000000000
6052 00000000000000
6053 00000000000000
6054 00000000000000
6055 00000000000000
6056 00000000000000
6057 00000000000000
6060 00000000000000
6061 00000000000000
6062 00000000000000
6063 00000000000000
6064 00000000000000
6065 00000000000000
6066 00000000000000
6067 00000000000000
6070 00000000000000
6071 00000000000000
6072 00000000000000
6073 00000000000000
6074 00000000000000
6075 00000000000000
6076 00000000000000
6077 00000000000000
6100 00000000000000
6101 00000000000000
6102 00000000000000
6103 00000000000000
6104 00000000000000
6105 00000000000000
6106 00000000000000
6107 00000000000000
6110 00000000000000
6111 00000000000000
6112 00000000000000
6113 00000000000000
6114 00000000000000
6115 00000000000000
6116 00000000000000
6117 00000000000000
6120 00000000000000
6121 00000000000000
6122 00000000000000
6123 00000000000000
6124 00000000000000
6125 00000000000000
6126 00000000000000
6127 00000000000000
6130 00000000000000
6131 00000000000000
6132 00000000000000
6133 00000000000000
6134 00000000000000
6135 00000000000000
6136 00000000000000
6137 00000000000000
6140 00000000000000
6141 00000000000000
6142 00000000000000
6143 00000000000000
6144 00000000000000
6145 00000000000000
6146 00000000000000
6147 00000000000000
6150 00000000000000
6151 00000000000000
6152 00000000000000
6153 00000000000000
6154 00000000000000
6155 00000000000000
6156 00000000000000
6157 00000000000000
6160 00000000000000
6161 00000000000000
6162 00000000000000
6163 00000000000000
6164 00000000000000
6165 00000000000000
6166 00000000000000
6167 00000000000000
6170 00000000000000
6171 00000000000000
6172 00000000000000
6173 00000000000000
6174 00000000000000
6175 00000000000000
6176 00000000000000
6177 00000000000000
6200 00000000000000
6201 00000000000000
6202 00000000000000
6203 00000000000000
6204 00000000000000
6205 00000000000000
6206 00000000000000
6207 00000000000000
6210 00000000000000
6211 00000000000000
6212 00000000000000
6213 00000000000000
6214 00000000000000
6215 00000000000000
6216 00000000000000
6217 00000000000000
6220 00000000000000
6221 00000000000000
6222 00000000000000
6223 00000000000000
6224 00000000000000
6225 00000000000000
6226 00000000000000
6227 00000000000000
6230 00000000000000
6231 00000000000000
6232 00000000000000
6233 00000000000000
6234 00000000000000
6235 00000000000000
6236 00000000000000
6237 00000000000000
6240 00000000000000
6241 00000000000000
6242 00000000000000
6243 00000000000000
6244 00000000000000
6245 00000000000000
6246 00000000000000
6247 00000000000000
6250 00000000000000
6251 00000000000000
6252 00000000000000
6253 00000000000000
6254 00000000000000
6255 00000000000000
6256 00000000000000
6257 00000000000000
6260 00000000000000
6261 00000000000000
6262 00000000000000
6263 00000000000000
6264 00000000000000
6265 00000000000000
6266 00000000000000
6267 00000000000000
6270 00000000000000
6271 00000000000000
6272 00000000000000
6273 00000000000000
6274 00000000000000
6275 00000000000000
6276 00000000000000
6277 00000000000000
6300 00000000000000
6301 00000000000000
6302 00000000000000
6303 00000000000000
6304 00000000000000
6305 00000000000000
6306 00000000000000
6307 00000000000000
6310 00000000000000
6311 00000000000000
6312 00000000000000
6313 00000000000000
6314 00000000000000
6315 00000000000000
6316 00000000000000
6317 00000000000000
6320 00000000000000
6321 00000000000000
6322 00000000000000
6323 00000000000000
6324 00000000000000
6325 00000000000000
6326 00000000000000
6327 00000000000000
6330 00000000000000
6331 00000000000000
6332 00000000000000
6333 00000000000000
6334 00000000000000
6335 00000000000000
6336 00000000000000
6337 00000000000000
6340 00000000000000
6341 00000000000000
6342 00000000000000
6343 00000000000000
6344 00000000000000
6345 00000000000000
6346 00000000000000
6347 00000000000000
6350 00000000000000
6351 00000000000000
6352 00000000000000
6353 00000000000000
6354 00000000000000
6355 00000000000000
6356 00000000000000
6357 00000000000000
6360 00000000000000
6361 00000000000000
6362 00000000000000
6363 00000000000000
6364 00000000000000
6365 00000000000000
6366 00000000000000
6367 00000000000000
6370 00000000000000
6371 00000000000000
6372 00000000000000
6373 00000000000000
6374 00000000000000
6375 00000000000000
6376 00000000000000
6377 00000000000000
6400 00000000000000
6401 00000000000000
6402 00000000000000
6403 00000000000000
6404 00000000000000
6405 00000000000000
6406 00000000000000
6407 00000000000000
6410 00000000000000
6411 00000000000000
6412 00000000000000
6413 00000000000000
6414 00000000000000
6415 00000000000000
6416 00000000000000
6417 00000000000000
6420 00000000000000
6421 00000000000000
6422 00000000000000
6423 00000000000000
6424 00000000000000
6425 00000000000000
6426 00000000000000
6427 00000000000000
6430 00000000000000
6431 00000000000000
6432 00000000000000
6433 00000000000000
6434 00000000000000
6435 00000000000000
6436 00000000000000
6437 00000000000000
6440 00000000000000
6441 00000000000000
6442 00000000000000
6443 00000000000000
6444 00000000000000
6445 00000000000000
6446 00000000000000
6447 00000000000000
6450 00000000000000
6451 00000000000000
6452 00000000000000
6453 00000000000000
6454 00000000000000
6455 00000000000000
6456 00000000000000
6457 00000000000000
6460 00000000000000
6461 00000000000000
6462 00000000000000
6463 00000000000000
6464 00000000000000
6465 00000000000000
6466 00000000000000
6467 00000000000000
6470 00000000000000
6471 00000000000000
6472 00000000000000
6473 00000000000000
6474 00000000000000
6475 00000000000000
6476 00000000000000
6477 00000000000000
6500 00000000000000
6501 00000000000000
6502 00000000000000
6503 00000000000000
6504 00000000000000
6505 00000000000000
6506 00000000000000
6507 00000000000000
6510 00000000000000
6511 00000000000000
6512 00000000000000
6513 00000000000000
6514 00000000000000
6515 00000000000000
6516 00000000000000
6517 00000000000000
6520 00000000000000
6521 00000000000000
6522 00000000000000
6523 00000000000000
6524 00000000000000
6525 00000000000000
6526 00000000000000
6527 00000000000000
6530 00000000000000
6531 00000000000000
6532 00000000000000
6533 00000000000000
6534 00000000000000
6535 00000000000000
6536 00000000000000
6537 00000000000000
6540 00000000000000
6541 00000000000000
6542 00000000000000
6543 00000000000000
6544 00000000000000
6545 00000000000000
6546 00000000000000
6547 00000000000000
6550 00000000000000
6551 00000000000000
6552 00000000000000
6553 00000000000000
6554 00000000000000
6555 00000000000000
6556 00000000000000
6557 00000000000000
6560 00000000000000
6561 00000000000000
6562 00000000000000
6563 00000000000000
6564 00000000000000
6565 00000000000000
6566 00000000000000
6567 00000000000000
6570 00000000000000
6571 00000000000000
6572 00000000000000
6573 00000000000000
6574 00000000000000
6575 00000000000000
6576 00000000000000
6577 00000000000000
6600 00000000000000
6601 00000000000000
6602 00000000000000
6603 00000000000000
6604 00000000000000
6605 00000000000000
6606 00000000000000
6607 00000000000000
6610 00000000000000
6611 00000000000000
6612 00000000000000
6613 00000000000000
6614 00000000000000
6615 00000000000000
6616 00000000000000
6617 00000000000000
6620 00000000000000
6621 00000000000000
6622 00000000000000
6623 00000000000000
6624 00000000000000
6625 00000000000000
6626 00000000000000
6627 00000000000000
6630 00000000000000
6631 00000000000000
6632 00000000000000
6633 00000000000000
6634 00000000000000
6635 00000000000000
6636 00000000000000
6637 00000000000000
6640 00000000000000
6641 00000000000000
6642 00000000000000
6643 00000000000000
6644 00000000000000
6645 00000000000000
6646 00000000000000
6647 00000000000000
6650 00000000000000
6651 00000000000000
6652 00000000000000
6653 00000000000000
6654 00000000000000
6655 00000000000000
6656 00000000000000
6657 00000000000000
6660 00000000000000
6661 00000000000000
6662 00000000000000
6663 00000000000000
6664 00000000000000
6665 00000000000000
6666 00000000000000
6667 00000000000000
6670 00000000000000
6671 00000000000000
6672 00000000000000
6673 00000000000000
6674 00000000000000
6675 00000000000000
6676 00000000000000
6677 00000000000000
6700 00000000000000
6701 00000000000000
6702 00000000000000
6703 00000000000000
6704 00000000000000
6705 00000000000000
6706 00000000000000
6707 00000000000000
6710 00000000000000
6711 00000000000000
6712 00000000000000
6713 00000000000000
6714 00000000000000
6715 00000000000000
6716 00000000000000
6717 00000000000000
6720 00000000000000
6721 00000000000000
6722 00000000000000
6723 00000000000000
6724 00000000000000
6725 00000000000000
6726 00000000000000
6727 00000000000000
6730 00000000000000
6731 00000000000000
6732 00000000000000
6733 00000000000000
6734 00000000000000
6735 00000000000000
6736 00000000000000
6737 00000000000000
6740 00000000000000
6741 00000000000000
6742 00000000000000
6743 00000000000000
6744 00000000000000
6745 00000000000000
6746 00000000000000
6747 00000000000000
6750 00000000000000
6751 00000000000000
6752 00000000000000
6753 00000000000000
6754 00000000000000
6755 00000000000000
6756 00000000000000
6757 00000000000000
6760 00000000000000
6761 00000000000000
6762 00000000000000
6763 00000000000000
6764 00000000000000
6765 00000000000000
6766 00000000000000
6767 00000000000000
6770 00000000000000
6771 00000000000000
6772 00000000000000
6773 00000000000000
6774 00000000000000
6775 00000000000000
6776 00000000000000
6777 00000000000000
7000 00000000000000
7001 00000000000000
7002 00000000000000
7003 00000000000000
7004 00000000000000
7005 00000000000000
7006 00000000000000
7007 00000000000000
7010 00000000000000
7011 00000000000000
7012 00000000000000
7013 00000000000000
7014 00000000000000
7015 00000000000000
7016 00000000000000
7017 00000000000000
7020 00000000000000
7021 00000000000000
7022 00000000000000
7023 00000000000000
7024 00000000000000
7025 00000000000000
7026 00000000000000
7027 00000000000000
7030 00000000000000
7031 00000000000000
7032 00000000000000
7033 00000000000000
7034 00000000000000
7035 00000000000000
7036 00000000000000
7037 00000000000000
7040 00000000000000
7041 00000000000000
7042 00000000000000
7043 00000000000000
7044 00000000000000
7045 00000000000000
7046 00000000000000
7047 00000000000000
7050 00000000000000
7051 00000000000000
7052 00000000000000
7053 00000000000000
7054 00000000000000
7055 00000000000000
7056 00000000000000
7057 00000000000000
7060 00000000000000
7061 00000000000000
7062 00000000000000
7063 00000000000000
7064 00000000000000
7065 00000000000000
7066 00000000000000
7067 00000000000000
7070 00000000000000
7071 00000000000000
7072 00000000000000
7073 00000000000000
7074 00000000000000
7075 00000000000000
7076 00000000000000
7077 00000000000000
7100 00000000000000
7101 00000000000000
7102 00000000000000
7103 00000000000000
7104 00000000000000
7105 00000000000000
7106 00000000000000
7107 00000000000000
7110 00000000000000
7111 00000000000000
7112 00000000000000
7113 00000000000000
7114 00000000000000
7115 00000000000000
7116 00000000000000
7117 00000000000000
7120 00000000000000
7121 00000000000000
7122 00000000000000
7123 00000000000000
7124 00000000000000
7125 00000000000000
7126 00000000000000
7127 00000000000000
7130 00000000000000
7131 00000000000000
7132 00000000000000
7133 00000000000000
7134 00000000000000
7135 00000000000000
7136 00000000000000
7137 00000000000000
7140 00000000000000
7141 00000000000000
7142 00000000000000
7143 00000000000000
7144 00000000000000
7145 00000000000000
7146 00000000000000
7147 00000000000000
7150 00000000000000
7151 00000000000000
7152 00000000000000
7153 00000000000000
7154 00000000000000
7155 00000000000000
7156 00000000000000
7157 00000000000000
7160 00000000000000
7161 00000000000000
7162 00000000000000
7163 00000000000000
7164 00000000000000
7165 00000000000000
7166 00000000000000
7167 00000000000000
7170 00000000000000
7171 00000000000000
7172 00000000000000
7173 00000000000000
7174 00000000000000
7175 00000000000000
7176 00000000000000
7177 00000000000000
7200 00000000000000
7201 00000000000000
7202 00000000000000
7203 00000000000000
7204 00000000000000
7205 00000000000000
7206 00000000000000
7207 00000000000000
7210 00000000000000
7211 00000000000000
7212 00000000000000
7213 00000000000000
7214 00000000000000
7215 00000000000000
7216 00000000000000
7217 00000000000000
7220 00000000000000
7221 00000000000000
7222 00000000000000
7223 00000000000000
7224 00000000000000
7225 00000000000000
7226 00000000000000
7227 00000000000000
7230 00000000000000
7231 00000000000000
7232 00000000000000
7233 00000000000000
7234 00000000000000
7235 00000000000000
7236 00000000000000
7237 00000000000000
7240 00000000000000
7241 00000000000000
7242 00000000000000
7243 00000000000000
7244 00000000000000
7245 00000000000000
7246 00000000000000
7247 00000000000000
7250 00000000000000
7251 00000000000000
7252 00000000000000
7253 00000000000000
7254 00000000000000
7255 00000000000000
7256 00000000000000
7257 00000000000000
7260 00000000000000
7261 00000000000000
7262 00000000000000
7263 00000000000000
7264 00000000000000
7265 00000000000000
7266 00000000000000
7267 00000000000000
7270 00000000000000
7271 00000000000000
7272 00000000000000
7273 00000000000000
7274 00000000000000
7275 00000000000000
7276 00000000000000
7277 00000000000000
7300 00000000000000
7301 00000000000000
7302 00000000000000
7303 00000000000000
7304 00000000000000
7305 00000000000000
7306 00000000000000
7307 00000000000000
7310 00000000000000
7311 00000000000000
7312 00000000000000
7313 00000000000000
7314 00000000000000
7315 00000000000000
7316 00000000000000
7317 00000000000000
7320 00000000000000
7321 00000000000000
7322 00000000000000
7323 00000000000000
7324 00000000000000
7325 00000000000000
7326 00000000000000
7327 00000000000000
7330 00000000000000
7331 00000000000000
7332 00000000000000
7333 00000000000000
7334 00000000000000
7335 00000000000000
7336 00000000000000
7337 00000000000000
7340 00000000000000
7341 00000000000000
7342 00000000000000
7343 00000000000000
7344 00000000000000
7345 00000000000000
7346 00000000000000
7347 00000000000000
7350 00000000000000
7351 00000000000000
7352 00000000000000
7353 00000000000000
7354 00000000000000
7355 00000000000000
7356 00000000000000
7357 00000000000000
7360 00000000000000
7361 00000000000000
7362 00000000000000
7363 00000000000000
7364 00000000000000
7365 00000000000000
7366 00000000000000
7367 00000000000000
7370 00000000000000
7371 00000000000000
7372 00000000000000
7373 00000000000000
7374 00000000000000
7375 00000000000000
7376 00000000000000
7377 00000000000000
7400 00000000000000
7401 00000000000000
7402 00000000000000
7403 00000000000000
7404 00000000000000
7405 00000000000000
7406 00000000000000
7407 00000000000000
7410 00000000000000
7411 00000000000000
7412 00000000000000
7413 00000000000000
7414 00000000000000
7415 00000000000000
7416 00000000000000
7417 00000000000000
7420 00000000000000
7421 00000000000000
7422 00000000000000
7423 00000000000000
7424 00000000000000
7425 00000000000000
7426 00000000000000
7427 00000000000000
7430 00000000000000
7431 00000000000000
7432 00000000000000
7433 00000000000000
7434 00000000000000
7435 00000000000000
7436 00000000000000
7437 00000000000000
7440 00000000000000
7441 00000000000000
7442 00000000000000
7443 00000000000000
7444 00000000000000
7445 00000000000000
7446 00000000000000
7447 00000000000000
7450 00000000000000
7451 00000000000000
7452 00000000000000
7453 00000000000000
7454 00000000000000
7455 00000000000000
7456 00000000000000
7457 00000000000000
7460 00000000000000
7461 00000000000000
7462 00000000000000
7463 00000000000000
7464 00000000000000
7465 00000000000000
7466 00000000000000
7467 00000000000000
7470 00000000000000
7471 00000000000000
7472 00000000000000
7473 00000000000000
7474 00000000000000
7475 00000000000000
7476 00000000000000
7477 00000000000000
7500 00000000000000
7501 00000000000000
7502 00000000000000
7503 00000000000000
7504 00000000000000
7505 00000000000000
7506 00000000000000
7507 00000000000000
7510 00000000000000
7511 00000000000000
7512 00000000000000
7513 00000000000000
7514 00000000000000
7515 00000000000000
7516 00000000000000
7517 00000000000000
7520 00000000000000
7521 00000000000000
7522 00000000000000
7523 00000000000000
7524 00000000000000
7525 00000000000000
7526 00000000000000
7527 00000000000000
7530 00000000000000
7531 00000000000000
7532 00000000000000
7533 00000000000000
7534 00000000000000
7535 00000000000000
7536 00000000000000
7537 00000000000000
7540 00000000000000
7541 00000000000000
7542 00000000000000
7543 00000000000000
7544 00000000000000
7545 00000000000000
7546 00000000000000
7547 00000000000000
7550 00000000000000
7551 00000000000000
7552 00000000000000
7553 00000000000000
7554 00000000000000
7555 00000000000000
7556 00000000000000
7557 00000000000000
7560 00000000000000
7561 00000000000000
7562 00000000000000
7563 00000000000000
7564 00000000000000
7565 00000000000000
7566 00000000000000
7567 00000000000000
7570 00000000000000
7571 00000000000000
7572 00000000000000
7573 00000000000000
7574 00000000000000
7575 00000000000000
7576 00000000000000
7577 00000000000000
7600 00000000000000
7601 00000000000000
7602 00000000000000
7603 00000000000000
7604 00000000000000
7605 00000000000000
7606 00000000000000
7607 00000000000000
7610 00000000000000
7611 00000000000000
7612 00000000000000
7613 00000000000000
7614 00000000000000
7615 00000000000000
7616 00000000000000
7617 00000000000000
7620 00000000000000
7621 00000000000000
7622 00000000000000
7623 00000000000000
7624 00000000000000
7625 00000000000000
7626 00000000000000
7627 00000000000000
7630 00000000000000
7631 00000000000000
7632 00000000000000
7633 00000000000000
7634 00000000000000
7635 00000000000000
7636 00000000000000
7637 00000000000000
7640 00000000000000
7641 00000000000000
7642 00000000000000
7643 00000000000000
7644 00000000000000
7645 00000000000000
7646 00000000000000
7647 00000000000000
7650 00000000000000
7651 00000000000000
7652 00000000000000
7653 00000000000000
7654 00000000000000
7655 00000000000000
7656 00000000000000
7657 00000000000000
7660 00000000000000
7661 00000000000000
7662 00000000000000
7663 00000000000000
7664 00000000000000
7665 00000000000000
7666 00000000000000
7667 00000000000000
7670 00000000000000
7671 00000000000000
7672 00000000000000
7673 00000000000000
7674 00000000000000
7675 00000000000000
7676 00000000000000
7677 00000000000000
7700 00000000000000
7701 00000000000000
7702 00000000000000
7703 00000000000000
7704 00000000000000
7705 00000000000000
7706 00000000000000
7707 00000000000000
7710 00000000000000
7711 00000000000000
7712 00000000000000
7713 00000000000000
7714 00000000000000
7715 00000000000000
7716 00000000000000
7717 00000000000000
7720 00000000000000
7721 00000000000000
7722 00000000000000
7723 00000000000000
7724 00000000000000
7725 00000000000000
7726 00000000000000
7727 00000000000000
7730 00000000000000
7731 00000000000000
7732 00000000000000
7733 00000000000000
7734 00000000000000
7735 00000000000000
7736 00000000000000
7737 00000000000000
7740 00000000000000
7741 00000000000000
7742 00000000000000
7743 00000000000000
7744 00000000000000
7745 00000000000000
7746 00000000000000
7747 00000000000000
7750 00000000000000
7751 00000000000000
7752 00000000000000
7753 00000000000000
7754 00000000000000
7755 00000000000000
7756 00000000000000
7757 00000000000000
7760 00000000000000
7761 00000000000000
7762 00000000000000
7763 00000000000000
7764 00000000000000
7765 00000000000000
7766 00000000000000
7767 00000000000000
7770 00000000000000
7771 00000000000000
7772 00000000000000
7773 00000000000000
7774 00000000000000
7775 00000000000000
7776 00000000000000
7777 00000000000000
